// 476
explorer.exe .
cd new opend
npm install
dfx start
dfx deploy

- Problem? Try:
dfx start --clean

dfx identity get-principal
dfx deploy --argument='("CryptoDunks #123", principal "xthzf-3hgwh-xjyks-pbp2k-pmnjz-p4rvx-gvskk-g3ldf-4at5q-c4ths-6qe", (vec {137; 80; 78; 71; 13; 10; 26; 10; 0; 0; 0; 13; 73; 72; 68; 82; 0; 0; 0; 10; 0; 0; 0; 10; 8; 6; 0; 0; 0; 141; 50; 207; 189; 0; 0; 0; 1; 115; 82; 71; 66; 0; 174; 206; 28; 233; 0; 0; 0; 68; 101; 88; 73; 102; 77; 77; 0; 42; 0; 0; 0; 8; 0; 1; 135; 105; 0; 4; 0; 0; 0; 1; 0; 0; 0; 26; 0; 0; 0; 0; 0; 3; 160; 1; 0; 3; 0; 0; 0; 1; 0; 1; 0; 0; 160; 2; 0; 4; 0; 0; 0; 1; 0; 0; 0; 10; 160; 3; 0; 4; 0; 0; 0; 1; 0; 0; 0; 10; 0; 0; 0; 0; 59; 120; 184; 245; 0; 0; 0; 113; 73; 68; 65; 84; 24; 25; 133; 143; 203; 13; 128; 48; 12; 67; 147; 94; 97; 30; 24; 0; 198; 134; 1; 96; 30; 56; 151; 56; 212; 85; 68; 17; 88; 106; 243; 241; 235; 39; 42; 183; 114; 137; 12; 106; 73; 236; 105; 98; 227; 152; 6; 193; 42; 114; 40; 214; 126; 50; 52; 8; 74; 183; 108; 158; 159; 243; 40; 253; 186; 75; 122; 131; 64; 0; 160; 192; 168; 109; 241; 47; 244; 154; 152; 112; 237; 159; 252; 105; 64; 95; 48; 61; 12; 3; 61; 167; 244; 38; 33; 43; 148; 96; 3; 71; 8; 102; 4; 43; 140; 164; 168; 250; 23; 219; 242; 38; 84; 91; 18; 112; 63; 0; 0; 0; 0; 73; 69; 78; 68; 174; 66; 96; 130;}))'
dfx canister call nft getName
dfx canister call nft getOwner
dfx canister call nft getAsset



// 477
npm install webpack-cli@4.10.0
npm start
dfx canister id nft

// 478
dfx deploy --argument='("CryptoDunks #123", principal "xthzf-3hgwh-xjyks-pbp2k-pmnjz-p4rvx-gvskk-g3ldf-4at5q-c4ths-6qe", (vec {137; 80; 78; 71; 13; 10; 26; 10; 0; 0; 0; 13; 73; 72; 68; 82; 0; 0; 0; 10; 0; 0; 0; 10; 8; 6; 0; 0; 0; 141; 50; 207; 189; 0; 0; 0; 1; 115; 82; 71; 66; 0; 174; 206; 28; 233; 0; 0; 0; 68; 101; 88; 73; 102; 77; 77; 0; 42; 0; 0; 0; 8; 0; 1; 135; 105; 0; 4; 0; 0; 0; 1; 0; 0; 0; 26; 0; 0; 0; 0; 0; 3; 160; 1; 0; 3; 0; 0; 0; 1; 0; 1; 0; 0; 160; 2; 0; 4; 0; 0; 0; 1; 0; 0; 0; 10; 160; 3; 0; 4; 0; 0; 0; 1; 0; 0; 0; 10; 0; 0; 0; 0; 59; 120; 184; 245; 0; 0; 0; 113; 73; 68; 65; 84; 24; 25; 133; 143; 203; 13; 128; 48; 12; 67; 147; 94; 97; 30; 24; 0; 198; 134; 1; 96; 30; 56; 151; 56; 212; 85; 68; 17; 88; 106; 243; 241; 235; 39; 42; 183; 114; 137; 12; 106; 73; 236; 105; 98; 227; 152; 6; 193; 42; 114; 40; 214; 126; 50; 52; 8; 74; 183; 108; 158; 159; 243; 40; 253; 186; 75; 122; 131; 64; 0; 160; 192; 168; 109; 241; 47; 244; 154; 152; 112; 237; 159; 252; 105; 64; 95; 48; 61; 12; 3; 61; 167; 244; 38; 33; 43; 148; 96; 3; 71; 8; 102; 4; 43; 140; 164; 168; 250; 23; 219; 242; 38; 84; 91; 18; 112; 63; 0; 0; 0; 0; 73; 69; 78; 68; 174; 66; 96; 130;}))'



// 479
dfx deploy --argument='("CryptoDunks #123", principal "xthzf-3hgwh-xjyks-pbp2k-pmnjz-p4rvx-gvskk-g3ldf-4at5q-c4ths-6qe", (vec {137; 80; 78; 71; 13; 10; 26; 10; 0; 0; 0; 13; 73; 72; 68; 82; 0; 0; 0; 10; 0; 0; 0; 10; 8; 6; 0; 0; 0; 141; 50; 207; 189; 0; 0; 0; 1; 115; 82; 71; 66; 0; 174; 206; 28; 233; 0; 0; 0; 68; 101; 88; 73; 102; 77; 77; 0; 42; 0; 0; 0; 8; 0; 1; 135; 105; 0; 4; 0; 0; 0; 1; 0; 0; 0; 26; 0; 0; 0; 0; 0; 3; 160; 1; 0; 3; 0; 0; 0; 1; 0; 1; 0; 0; 160; 2; 0; 4; 0; 0; 0; 1; 0; 0; 0; 10; 160; 3; 0; 4; 0; 0; 0; 1; 0; 0; 0; 10; 0; 0; 0; 0; 59; 120; 184; 245; 0; 0; 0; 113; 73; 68; 65; 84; 24; 25; 133; 143; 203; 13; 128; 48; 12; 67; 147; 94; 97; 30; 24; 0; 198; 134; 1; 96; 30; 56; 151; 56; 212; 85; 68; 17; 88; 106; 243; 241; 235; 39; 42; 183; 114; 137; 12; 106; 73; 236; 105; 98; 227; 152; 6; 193; 42; 114; 40; 214; 126; 50; 52; 8; 74; 183; 108; 158; 159; 243; 40; 253; 186; 75; 122; 131; 64; 0; 160; 192; 168; 109; 241; 47; 244; 154; 152; 112; 237; 159; 252; 105; 64; 95; 48; 61; 12; 3; 61; 167; 244; 38; 33; 43; 148; 96; 3; 71; 8; 102; 4; 43; 140; 164; 168; 250; 23; 219; 242; 38; 84; 91; 18; 112; 63; 0; 0; 0; 0; 73; 69; 78; 68; 174; 66; 96; 130;}))'



// 480
dfx canister call opend mint '(vec {137; 80; 78; 71; 13; 10; 26; 10; 0; 0; 0; 13; 73; 72; 68; 82; 0; 0; 0; 10; 0; 0; 0; 10; 8; 6; 0; 0; 0; 141; 50; 207; 189; 0; 0; 0; 1; 115; 82; 71; 66; 0; 174; 206; 28; 233; 0; 0; 0; 68; 101; 88; 73; 102; 77; 77; 0; 42; 0; 0; 0; 8; 0; 1; 135; 105; 0; 4; 0; 0; 0; 1; 0; 0; 0; 26; 0; 0; 0; 0; 0; 3; 160; 1; 0; 3; 0; 0; 0; 1; 0; 1; 0; 0; 160; 2; 0; 4; 0; 0; 0; 1; 0; 0; 0; 10; 160; 3; 0; 4; 0; 0; 0; 1; 0; 0; 0; 10; 0; 0; 0; 0; 59; 120; 184; 245; 0; 0; 0; 113; 73; 68; 65; 84; 24; 25; 133; 143; 203; 13; 128; 48; 12; 67; 147; 94; 97; 30; 24; 0; 198; 134; 1; 96; 30; 56; 151; 56; 212; 85; 68; 17; 88; 106; 243; 241; 235; 39; 42; 183; 114; 137; 12; 106; 73; 236; 105; 98; 227; 152; 6; 193; 42; 114; 40; 214; 126; 50; 52; 8; 74; 183; 108; 158; 159; 243; 40; 253; 186; 75; 122; 131; 64; 0; 160; 192; 168; 109; 241; 47; 244; 154; 152; 112; 237; 159; 252; 105; 64; 95; 48; 61; 12; 3; 61; 167; 244; 38; 33; 43; 148; 96; 3; 71; 8; 102; 4; 43; 140; 164; 168; 250; 23; 219; 242; 38; 84; 91; 18; 112; 63; 0; 0; 0; 0; 73; 69; 78; 68; 174; 66; 96; 130;}, "CryptoDunks #123")'



// 482
dfx canister call opend mint '(vec {137; 80; 78; 71; 13; 10; 26; 10; 0; 0; 0; 13; 73; 72; 68; 82; 0; 0; 0; 10; 0; 0; 0; 10; 8; 6; 0; 0; 0; 141; 50; 207; 189; 0; 0; 0; 1; 115; 82; 71; 66; 0; 174; 206; 28; 233; 0; 0; 0; 68; 101; 88; 73; 102; 77; 77; 0; 42; 0; 0; 0; 8; 0; 1; 135; 105; 0; 4; 0; 0; 0; 1; 0; 0; 0; 26; 0; 0; 0; 0; 0; 3; 160; 1; 0; 3; 0; 0; 0; 1; 0; 1; 0; 0; 160; 2; 0; 4; 0; 0; 0; 1; 0; 0; 0; 10; 160; 3; 0; 4; 0; 0; 0; 1; 0; 0; 0; 10; 0; 0; 0; 0; 59; 120; 184; 245; 0; 0; 0; 113; 73; 68; 65; 84; 24; 25; 133; 143; 203; 13; 128; 48; 12; 67; 147; 94; 97; 30; 24; 0; 198; 134; 1; 96; 30; 56; 151; 56; 212; 85; 68; 17; 88; 106; 243; 241; 235; 39; 42; 183; 114; 137; 12; 106; 73; 236; 105; 98; 227; 152; 6; 193; 42; 114; 40; 214; 126; 50; 52; 8; 74; 183; 108; 158; 159; 243; 40; 253; 186; 75; 122; 131; 64; 0; 160; 192; 168; 109; 241; 47; 244; 154; 152; 112; 237; 159; 252; 105; 64; 95; 48; 61; 12; 3; 61; 167; 244; 38; 33; 43; 148; 96; 3; 71; 8; 102; 4; 43; 140; 164; 168; 250; 23; 219; 242; 38; 84; 91; 18; 112; 63; 0; 0; 0; 0; 73; 69; 78; 68; 174; 66; 96; 130;}, "CryptoDunks #123")'
dfx canister call opend listItem '(principal "xifbj-tqaaa-aaaaa-aaauq-cai", 2)'
dfx canister id opend
dfx canister call xpeh5-6iaaa-aaaaa-aaaua-cai transferOwnership '(principal "rrkah-fqaaa-aaaaa-aaaaq-cai", true)'



// 483
dfx identity get-principal
dfx deploy
npm start
- ctrl + shirt + 5
CANISTER_PUBLIC_KEY="principal \"$( \dfx canister id token )\""
dfx canister call token transfer "($CANISTER_PUBLIC_KEY, 500_000_000)"
dfx canister call opend mint '(vec {137; 80; 78; 71; 13; 10; 26; 10; 0; 0; 0; 13; 73; 72; 68; 82; 0; 0; 0; 10; 0; 0; 0; 10; 8; 6; 0; 0; 0; 141; 50; 207; 189; 0; 0; 0; 1; 115; 82; 71; 66; 0; 174; 206; 28; 233; 0; 0; 0; 68; 101; 88; 73; 102; 77; 77; 0; 42; 0; 0; 0; 8; 0; 1; 135; 105; 0; 4; 0; 0; 0; 1; 0; 0; 0; 26; 0; 0; 0; 0; 0; 3; 160; 1; 0; 3; 0; 0; 0; 1; 0; 1; 0; 0; 160; 2; 0; 4; 0; 0; 0; 1; 0; 0; 0; 10; 160; 3; 0; 4; 0; 0; 0; 1; 0; 0; 0; 10; 0; 0; 0; 0; 59; 120; 184; 245; 0; 0; 0; 113; 73; 68; 65; 84; 24; 25; 133; 143; 203; 13; 128; 48; 12; 67; 147; 94; 97; 30; 24; 0; 198; 134; 1; 96; 30; 56; 151; 56; 212; 85; 68; 17; 88; 106; 243; 241; 235; 39; 42; 183; 114; 137; 12; 106; 73; 236; 105; 98; 227; 152; 6; 193; 42; 114; 40; 214; 126; 50; 52; 8; 74; 183; 108; 158; 159; 243; 40; 253; 186; 75; 122; 131; 64; 0; 160; 192; 168; 109; 241; 47; 244; 154; 152; 112; 237; 159; 252; 105; 64; 95; 48; 61; 12; 3; 61; 167; 244; 38; 33; 43; 148; 96; 3; 71; 8; 102; 4; 43; 140; 164; 168; 250; 23; 219; 242; 38; 84; 91; 18; 112; 63; 0; 0; 0; 0; 73; 69; 78; 68; 174; 66; 96; 130;}, "CryptoDunks #123")'





















































